    6    8    13    22    30    34    57    76    77    80    106    115    123    158    168
    172    185    185    187    209    240    240    242    244    264    270    274    276    289    292
    292    301    306    324    333    350    355    359    361    371    388    396    415    424    424
    434    435    435    443    449    458    480    490    491    511    524    537    541    553    561
    563    571    578    579    580    584    595    597    604    618    634    652    655    675    705
    719    727    728    744    754    762    768    782    788    817    828    830    833    836    841
    867    886    903    906    907    912    913    918    946    954    959    964    972    977    983
    995    1007    1023    1035    1060    1066    1072    1073    1076    1085    1093    1096    1102    1111    1131
    1146    1147    1157    1167    1177    1188    1213    1215    1217    1241    1253    1256    1264    1265    1269
    1279    1282    1298    1311    1314    1319    1337    1339    1347    1348    1356    1357    1374    1397    1409
    1412    1416    1428    1440    1446    1470    1473    1476    1481    1482    1483    1488    1497    1518    1521
    1534    1543    1544    1548    1569    1570    1579    1583    1587    1610    1619    1620    1624    1634    1636
    1643    1649    1652    1679    1681    1682    1692    1692    1694    1697    1698    1700    1723    1727    1744
    1749    1755    1762    1791    1804    1805    1805    1807    1807    1817    1856    1867    1869    1876    1887
    1892    1902    1917    1920    1921    1923    1942    1945    1961    1980    1992    1992    2017    2025    2031
    2031    2035    2037    2044    2080    2082    2092    2155    2183    2185    2199    2207    2225    2244    2250
    2270    2295    2315    2334    2355    2371    2392    2407    2425    2454    2486    2514    2528    2544    2545
    2552    2564    2580    2594    2604    2651    2659    2666    2667    2676    2693    2706    2714    2732    2746
    2748    2759    2767    2788    2815    2817    2819    2825    2833    2839    2846    2850    2853    2866    2872
    2874    2886    2888    2913    2917    2919    2936    2940    2947    2950    2963    2964    2965    2974    2986
    3006    3007    3017    3025    3027    3038    3040    3055    3060    3060    3064    3080    3084    3087    3098
    3102    3104    3116    3118    3128    3132    3139    3140    3186    3203    3222    3229    3233    3239    3257
    3259    3265    3278    3279    3282    3290    3291    3294    3309    3316    3322    3327    3332    3364    3373
    3404    3406    3406    3425    3450    3466    3483    3491    3492    3495    3498    3510    3530    3534    3538
    3560    3563    3577    3631    3632    3635    3646    3651    3662    3677    3679    3684    3696    3697    3707
    3720    3725    3726    3766    3787    3788    3804    3827    3833    3842    3855    3858    3868    3870    3874
    3881    3890    3909    3917    3932    3971    3973    3975    3991    4020    4028    4030    4035    4038    4048
    4061    4067    4077    4083    4084    4089    4094    4104    4108    4114    4114    4117    4122    4127    4141
    4162    4182    4206    4230    4265    4306    4309    4310    4338    4355    4377    4398    4402    4403    4412
    4417    4418    4421    4492    4496    4516    4529    4535    4540    4574    4576    4586    4596    4605    4608
    4615    4630    4640    4644    4658    4682    4696    4718    4738    4742    4757    4761    4762    4769    4791
    4796    4810    4824    4827    4833    4836    4846    4849    4852    4861    4862    4869    4872    4880    4884
    4892    4895    4903    4908    4909    4912    4912    4923    4933    4937    4939    4943    4944    4968    4969
    4975    4976    4979    4984    5006    5012    5016    5036    5040    5064    5065    5070    5084    5088    5095
    5106    5111    5139    5142    5152    5157    5164    5193    5197    5229    5232    5249    5254    5256    5263
    5270    5274    5281    5285    5289    5289    5295    5307    5320    5335    5340    5341    5341    5352    5360
    5361    5363    5370    5373    5375    5381    5384    5397    5411    5415    5432    5462    5462    5473    5489
    5490    5493    5494    5497    5500    5530    5534    5543    5572    5581    5588    5627    5647    5655    5661
    5668    5669    5687    5690    5691    5699    5699    5704    5715    5718    5721    5727    5729    5738    5742
    5745    5754    5768    5788    5792    5793    5797    5799    5808    5814    5825    5827    5838    5853    5872
    5876    5879    5902    5906    5906    5910    5918    5922    5928    5935    5951    5953    5953    5958    5965
    5966    5971    6002    6018    6029    6031    6046    6071    6072    6096    6096    6102    6104    6112    6137
    6154    6163    6166    6167    6174    6175    6176    6176    6178    6179    6183    6188    6189    6206    6208
    6241    6266    6276    6282    6293    6301    6330    6338    6345    6366    6370    6386    6389    6390    6412
    6415    6420    6421    6438    6469    6497    6498    6505    6512    6514    6515    6523    6529    6533    6541
    6558    6575    6593    6599    6599    6610    6611    6616    6619    6625    6645    6651    6654    6672    6675
    6685    6689    6696    6703    6703    6707    6713    6718    6732    6752    6754    6756    6765    6777    6803
    6804    6805    6815    6817    6826    6832    6842    6857    6864    6886    6887    6887    6893    6894    6894
    6905    6908    6912    6914    6925    6956    6979    6995    7004    7018    7025    7058    7060    7088    7110
    7111    7116    7118    7137    7140    7142    7169    7191    7205    7208    7210    7218    7222    7228    7235
    7241    7250    7260    7260    7271    7274    7304    7308    7313    7320    7357    7360    7368    7374    7382
    7388    7394    7431    7433    7439    7453    7453    7479    7491    7512    7519    7523    7531    7540    7550
    7564    7565    7588    7592    7597    7599    7615    7642    7657    7663    7666    7681    7687    7692    7716
    7745    7768    7768    7784    7798    7814    7834    7834    7854    7874    7882    7889    7912    7945    7948
    7953    7965    7971    7977    7991    8005    8021    8042    8075    8078    8083    8110    8117    8126    8127
    8134    8141    8174    8178    8186    8187    8190    8199    8215    8221    8224    8233    8235    8261    8265
    8279    8292    8303    8312    8339    8339    8359    8360    8365    8369    8398    8401    8407    8415    8417
    8441    8454    8463    8470    8479    8486    8487    8499    8501    8503    8515    8526    8547    8560    8590
    8592    8609    8634    8642    8660    8686    8697    8716    8725    8729    8760    8781    8782    8784    8785
    8824    8837    8849    8856    8875    8879    8896    8899    8910    8922    8943    8946    8955    8963    8971
    8974    8982    8986    8990    8990    9001    9014    9020    9021    9038    9056    9066    9082    9086    9087
    9091    9095    9095    9121    9131    9135    9159    9173    9178    9185    9197    9207    9209    9211    9225
    9237    9255    9258    9258    9266    9271    9296    9308    9310    9325    9341    9349    9361    9365    9376
    9388    9391    9409    9410    9435    9438    9442    9462    9463    9463    9491    9495    9497    9498    9502
    9514    9523    9547    9568    9570    9573    9587    9621    9628    9637    9653    9657    9670    9674    9682
    9692    9695    9712    9735    9744    9760    9791    9797    9800    9805    9824    9837    9870    9874    9887
    9896    9901    9903    9916    9921    9933    9942    9950    9959    9979