    6    9    15    19    32    34    47    56    93    109    109    128    131    141    146
    160    163    192    200    205    220    223    224    228    233    247    248    251    255    273
    291    294    304    313    349    351    370    372    375    384    391    395    399    421    423
    427    428    432    434    464    492    502    503    509    521    524    564    567    577    586
    603    630    641    698    699    702    702    733    743    743    750    762    764    782    787
    815    817    819    823    830    831    849    866    875    884    903    905    912    912    944
    949    956    964    971    973    983    988    1009    1024    1045    1065    1088    1093    1099    1100
    1102    1121    1145    1148    1152    1160    1160    1169    1171    1180    1180    1211    1212    1212    1213
    1214    1220    1232    1272    1278    1294    1294    1299    1302    1326    1330    1336    1340    1347    1356
    1362    1378    1380    1387    1416    1416    1422    1436    1439    1440    1462    1471    1475    1485    1491
    1491    1494    1505    1524    1524    1533    1563    1579    1580    1603    1606    1622    1625    1626    1633
    1659    1672    1673    1683    1683    1711    1715    1736    1762    1763    1778    1781    1785    1791    1795
    1799    1810    1816    1830    1834    1852    1864    1869    1894    1897    1898    1910    1916    1924    1937
    1938    1970    1975    1986    1993    1996    2007    2014    2015    2017    2076    2080    2080    2090    2103
    2111    2123    2131    2133    2138    2146    2154    2157    2179    2191    2192    2203    2203    2204    2222
    2234    2263    2292    2294    2295    2299    2314    2316    2316    2316    2324    2329    2342    2351    2364
    2390    2392    2393    2394    2396    2401    2411    2421    2441    2442    2446    2452    2482    2494    2501
    2507    2535    2536    2538    2551    2555    2556    2565    2579    2588    2590    2599    2613    2615    2631
    2647    2670    2680    2684    2714    2717    2724    2752    2759    2764    2772    2784    2785    2788    2816
    2819    2820    2834    2835    2848    2860    2860    2862    2874    2932    2967    2975    2990    2991    3001
    3003    3005    3057    3073    3100    3134    3146    3153    3156    3182    3183    3188    3213    3218    3225
    3240    3242    3254    3282    3283    3289    3304    3308    3316    3321    3323    3341    3357    3374    3389
    3390    3407    3414    3425    3431    3432    3445    3454    3468    3482    3504    3506    3509    3512    3515
    3523    3527    3535    3542    3556    3566    3603    3603    3642    3672    3676    3678    3680    3682    3688
    3690    3699    3700    3700    3704    3719    3726    3731    3743    3744    3747    3763    3773    3798    3806
    3835    3836    3879    3880    3884    3902    3903    3913    3925    3937    3946    3948    3956    3993    3997
    3999    4003    4016    4036    4053    4074    4079    4096    4096    4119    4135    4140    4141    4152    4168
    4173    4186    4187    4214    4214    4221    4222    4232    4253    4259    4271    4276    4281    4293    4296
    4317    4346    4373    4383    4417    4432    4438    4462    4469    4478    4492    4504    4516    4520    4529
    4547    4553    4563    4576    4581    4582    4595    4598    4606    4607    4610    4622    4624    4631    4651
    4653    4654    4677    4678    4682    4698    4702    4709    4719    4732    4780    4783    4790    4805    4831
    4832    4850    4861    4861    4865    4877    4882    4889    4904    4907    4909    4939    4939    4947    4949
    4974    4976    4982    4983    4992    4998    5015    5041    5069    5072    5107    5108    5122    5128    5136
    5137    5147    5177    5178    5187    5188    5196    5198    5200    5218    5233    5239    5244    5250    5274
    5275    5277    5283    5289    5289    5290    5347    5362    5363    5378    5378    5387    5412    5415    5438
    5440    5452    5454    5464    5474    5476    5482    5498    5503    5509    5519    5523    5527    5527    5536
    5537    5543    5554    5562    5562    5582    5608    5609    5629    5631    5644    5664    5680    5687    5697
    5698    5735    5743    5762    5770    5772    5774    5822    5824    5855    5859    5869    5876    5881    5885
    5889    5924    5970    5982    5993    6002    6025    6026    6034    6039    6052    6052    6053    6056    6058
    6059    6063    6067    6080    6084    6094    6103    6120    6131    6132    6132    6161    6162    6165    6175
    6200    6201    6207    6212    6243    6261    6282    6291    6292    6303    6315    6317    6326    6370    6374
    6375    6407    6415    6415    6417    6426    6444    6446    6447    6468    6468    6470    6484    6490    6512
    6531    6555    6593    6606    6609    6629    6633    6644    6665    6701    6721    6736    6738    6755    6765
    6771    6775    6787    6795    6801    6809    6820    6825    6847    6865    6867    6876    6891    6898    6899
    6900    6902    6903    6905    6907    6907    6909    6909    6920    6930    6931    6941    6941    6953    6969
    6973    6979    6985    6998    7002    7016    7016    7033    7035    7048    7048    7053    7054    7063    7071
    7075    7076    7078    7078    7079    7079    7089    7104    7106    7114    7118    7118    7136    7141    7168
    7180    7195    7198    7229    7254    7258    7282    7286    7301    7307    7310    7322    7342    7361    7366
    7392    7406    7418    7432    7432    7433    7438    7441    7465    7474    7477    7505    7511    7549    7554
    7577    7587    7607    7630    7637    7675    7679    7680    7684    7686    7692    7695    7722    7726    7735
    7749    7800    7807    7815    7828    7832    7835    7869    7881    7881    7915    7919    7920    7927    7927
    7933    7959    7967    7970    7971    7997    8005    8005    8018    8023    8037    8038    8045    8066    8075
    8083    8084    8106    8110    8117    8134    8137    8144    8146    8149    8154    8176    8177    8184    8196
    8201    8203    8205    8230    8231    8238    8239    8245    8251    8260    8262    8269    8274    8275    8277
    8291    8295    8299    8313    8321    8321    8340    8341    8356    8360    8378    8394    8395    8399    8401
    8408    8447    8459    8472    8485    8502    8506    8511    8518    8533    8534    8544    8552    8557    8559
    8567    8568    8572    8589    8610    8613    8637    8645    8665    8670    8681    8704    8709    8710    8716
    8724    8733    8758    8776    8784    8803    8809    8809    8812    8821    8831    8836    8857    8865    8867
    8882    8905    8926    8927    8929    8932    8955    8956    8971    9015    9021    9047    9049    9053    9054
    9061    9061    9070    9085    9096    9121    9121    9123    9123    9126    9129    9132    9133    9137    9142
    9146    9160    9210    9210    9217    9217    9218    9225    9244    9246    9289    9290    9291    9306    9312
    9317    9318    9323    9351    9369    9381    9399    9407    9407    9418    9420    9436    9438    9452    9460
    9467    9471    9489    9496    9504    9515    9537    9538    9547    9549    9551    9562    9571    9580    9590
    9590    9601    9602    9619    9625    9628    9642    9667    9668    9687    9692    9715    9723    9728    9731
    9734    9752    9756    9767    9780    9800    9804    9812    9817    9824    9825    9838    9845    9847    9848
    9850    9855    9867    9870    9875    9884    9890    9897    9904    9905    9908    9909    9922    9926    9935
    9940    9942    9942    9951    9958    9959    9959    9970    9990    9991